Translation matrix
[1, 0, 0, 1]
[0, 1, 0, -1]
[0, 0, 1, 2]
[0, 0, 0, 1]

Rotation matrix
[0.166667, 0.741582, 0.64983, 0]
[-0.0749149, 0.666667, -0.741582, 0]
[-0.983163, 0.0749149, 0.166667, 0]
[0, 0, 0, 1]

Scaling matrix
[2, 0, 0, 0]
[0, 1, 0, 0]
[0, 0, 1.5, 0]
[0, 0, 0, 1]

View matrix with lookAt()
[-1, 0, 0, 0]
[0, 1, 0, 0]
[0, 0, -1, -5]
[0, 0, 0, 1]

Projection matrix with ortho()
[-1, 0, 0, 0]
[0, -1, 0, 0]
[0, 0, 1, 0]
[0, 0, 0, 1]

Projection matrix with frusutm()
[1, 0, 0, 0]
[0, 1, 0, 0]
[0, 0, -1.0002, -0.20002]
[0, 0, -1, 0]

Projection matrix with perspective()
[1.73205, 0, 0, 0]
[0, 1.73205, 0, 0]
[0, 0, -1, -0.002]
[0, 0, -1, 0]

